85
140.0 70.0 210.0
3

0 1
0 -1
1 3
1 -5
2 -1
3 -6
3 1
4 -1
5 -7
6 -1
7 -6
7 1
8 -1
9 2
9 -4
10 1
10 -1
11 3
11 -5
12 1
12 -1
13 2
13 -4
14 -1
15 -6
15 1
16 -1
17 -7
18 -1
19 1
19 -7
20 -1
21 2
21 -6
22 -1
23 1
23 -5
24 1
24 -1
25 -2
26 -1
28 -1
29 -3
30 1
30 -1
31 3
31 -5
32 -1
33 1
33 -4
34 -1
35 -7
36 -1
37 2
37 -4
38 1
38 -1
39 5
39 -2
40 1
40 -1
41 6
42 1
42 -1
43 7
44 1
44 -1
45 7
46 1
46 -1
47 5
47 -2
48 1
48 -1
49 2
49 -4
50 1
50 -1
51 -7
52 -1
53 -5
54 -1
55 -2
56 -1
58 -1
60 -1
62 1
61 -2
62 -1
63 3
63 -3
64 1
64 -1
65 6
66 1
66 -1
67 4
67 -2
68 1
68 -1
69 -5
70 -1
71 -3
72 -1
73 1
73 -4
74 -1
75 3
75 -5
76 1
76 -1
77 2
77 -3
78 -1
79 1
79 -7
80 -1
89 -3
90 -5
94 4
95 1
98 -2
100 -4