69
255.0 96.0.0 144.0
3

0 1
0 -1
1 4
1 -4
2 1
2 -1
3 2
3 -5
4 1
4 -1
5 -6
6 -1
7 -5
8 1
8 -1
9 3
9 -2
10 1
10 -1
11 4
11 -3
12 1
12 -1
13 3
13 -4
14 1
14 -1
15 -6
16 -1
17 -7
18 -1
19 1
19 -4
20 -1
21 3
21 -5
22 -1
23 2
23 -6
24 1
24 -1
26 -1
28 -1
30 -1
32 -1
34 1
34 -1
35 2
35 -6
36 -1
37 1
37 -4
38 -1
39 3
39 -5
40 1
40 -1
41 2
41 -4
42 1
42 -1
43 -2
44 -1
45 -3
46 -1
47 1
47 -2
48 3
49 1
49 -1
50 5
51 1
51 -2
52 5
52 -1
53 1
53 -3
54 3
54 -1
55 1
55 -5
56 -1
57 -2
58 -1
59 -3
60 1
60 -1
61 4
61 -4
62 1
62 -1
63 5
63 -3
64 1
64 -1
73 3
74 5
78 -4
79 -1
82 2
83 4